0 0 0 0 
1 6.052323e+00 4.764703e+00 2.813552e-01 
2 1.404690e+00 3.878110e+00 3.099550e+00 
3 1.279814e+00 3.605411e+00 2.942036e+00 
4 1.169116e+00 3.315656e+00 2.704799e+00 
5 1.074085e+00 3.047089e+00 2.485619e+00 
6 9.870543e-01 2.800213e+00 2.284230e+00 
7 9.070826e-01 2.573338e+00 2.099160e+00 
8 8.335903e-01 2.364845e+00 1.929085e+00 
9 7.660524e-01 2.173244e+00 1.772790e+00 
10 7.039864e-01 1.997167e+00 1.629158e+00 
11 6.469491e-01 1.835355e+00 1.497162e+00 
12 5.945329e-01 1.686654e+00 1.375862e+00 
13 5.463636e-01 1.550000e+00 1.264389e+00 
14 5.020969e-01 1.424419e+00 1.161947e+00 
15 4.614168e-01 1.309011e+00 1.067806e+00 
16 4.240326e-01 1.202955e+00 9.812914e-01 
17 3.896772e-01 1.105491e+00 9.017867e-01 
18 3.581054e-01 1.015923e+00 8.287235e-01 
19 3.290915e-01 9.336126e-01 7.615799e-01 
20 3.024283e-01 8.579708e-01 6.998763e-01 
21 2.779254e-01 7.884576e-01 6.431720e-01 
22 2.554078e-01 7.245764e-01 5.910618e-01 
23 2.347145e-01 6.658708e-01 5.431737e-01 
24 2.156978e-01 6.119216e-01 4.991655e-01 
25 1.982219e-01 5.623434e-01 4.587229e-01 
26 1.821618e-01 5.167821e-01 4.215569e-01 
27 1.674030e-01 4.749121e-01 3.874021e-01 
28 1.538399e-01 4.364345e-01 3.560146e-01 
29 1.413757e-01 4.010744e-01 3.271701e-01 
30 1.299214e-01 3.685791e-01 3.006626e-01 
31 1.193951e-01 3.387167e-01 2.763028e-01 
32 1.097216e-01 3.112737e-01 2.539166e-01 
33 1.008319e-01 2.860541e-01 2.333442e-01 
34 9.266249e-02 2.628779e-01 2.144385e-01 
35 8.515493e-02 2.415794e-01 1.970646e-01 
36 7.825563e-02 2.220065e-01 1.810983e-01 
37 7.191532e-02 2.040194e-01 1.664256e-01 
38 6.608870e-02 1.874896e-01 1.529417e-01 
39 6.073416e-02 1.722991e-01 1.405503e-01 
40 5.581345e-02 1.583394e-01 1.291629e-01 
41 5.129142e-02 1.455106e-01 1.186980e-01 
42 4.713576e-02 1.337213e-01 1.090810e-01 
43 4.331680e-02 1.228871e-01 1.002432e-01 
44 3.980725e-02 1.129307e-01 9.212149e-02 
45 3.658204e-02 1.037810e-01 8.465776e-02 
46 3.361815e-02 9.537265e-02 7.779874e-02 
47 3.089439e-02 8.764551e-02 7.149545e-02 
48 2.839131e-02 8.054442e-02 6.570285e-02 
49 2.609103e-02 7.401867e-02 6.037957e-02 
50 2.397712e-02 6.802164e-02 5.548759e-02 
51 2.203448e-02 6.251050e-02 5.099196e-02 
52 2.024924e-02 5.744586e-02 4.686056e-02 
53 1.860864e-02 5.279157e-02 4.306390e-02 
54 1.710095e-02 4.851437e-02 3.957484e-02 
55 1.571543e-02 4.458371e-02 3.636846e-02 
56 1.444215e-02 4.097152e-02 3.342187e-02 
57 1.327204e-02 3.765198e-02 3.071402e-02 
58 1.219674e-02 3.460140e-02 2.822555e-02 
59 1.120855e-02 3.179798e-02 2.593870e-02 
60 1.030043e-02 2.922169e-02 2.383714e-02 
61 9.465882e-03 2.685413e-02 2.190584e-02 
62 8.698951e-03 2.467840e-02 2.013102e-02 
63 7.994158e-03 2.267894e-02 1.849999e-02 
64 7.346467e-03 2.084148e-02 1.700111e-02 
65 6.751253e-03 1.915289e-02 1.562367e-02 
66 6.204263e-03 1.760112e-02 1.435784e-02 
67 5.701590e-03 1.617507e-02 1.319456e-02 
68 5.239645e-03 1.486455e-02 1.212553e-02 
69 4.815126e-03 1.366022e-02 1.114311e-02 
70 4.425002e-03 1.255346e-02 1.024029e-02 
71 4.066486e-03 1.153637e-02 9.410617e-03 
72 3.737017e-03 1.060169e-02 8.648164e-03 
73 3.434242e-03 9.742737e-03 7.947485e-03 
74 3.155998e-03 8.953375e-03 7.303576e-03 
75 2.900298e-03 8.227968e-03 6.711836e-03 
76 2.665314e-03 7.561334e-03 6.168040e-03 
77 2.449369e-03 6.948711e-03 5.668302e-03 
78 2.250920e-03 6.385723e-03 5.209053e-03 
79 2.068549e-03 5.868348e-03 4.787013e-03 
80 1.900954e-03 5.392892e-03 4.399167e-03 
81 1.746938e-03 4.955957e-03 4.042744e-03 
82 1.605400e-03 4.554423e-03 3.715199e-03 
83 1.475330e-03 4.185421e-03 3.414192e-03 
84 1.355798e-03 3.846316e-03 3.137572e-03 
85 1.245950e-03 3.534686e-03 2.883365e-03 
86 1.145003e-03 3.248304e-03 2.649753e-03 
87 1.052234e-03 2.985124e-03 2.435069e-03 
88 9.669816e-04 2.743268e-03 2.237778e-03 
89 8.886363e-04 2.521007e-03 2.056472e-03 
90 8.166385e-04 2.316754e-03 1.889856e-03 
91 7.504740e-04 2.129049e-03 1.736739e-03 
92 6.896703e-04 1.956553e-03 1.596027e-03 
93 6.337928e-04 1.798032e-03 1.466716e-03 
94 5.824426e-04 1.652354e-03 1.347882e-03 
95 5.352528e-04 1.518480e-03 1.238676e-03 
96 4.918864e-04 1.395452e-03 1.138318e-03 
97 4.520335e-04 1.282392e-03 1.046091e-03 
98 4.154095e-04 1.178492e-03 9.613360e-04 
99 3.817528e-04 1.083010e-03 8.834481e-04 
100 3.508230e-04 9.952636e-04 8.118707e-04 
101 3.223991e-04 9.146268e-04 7.460925e-04 
102 2.962782e-04 8.405233e-04 6.856437e-04 
103 2.722736e-04 7.724236e-04 6.300925e-04 
104 2.502138e-04 7.098415e-04 5.790421e-04 
105 2.299414e-04 6.523298e-04 5.321278e-04 
106 2.113114e-04 5.994777e-04 4.890145e-04 
107 1.941909e-04 5.509077e-04 4.493943e-04 
108 1.784574e-04 5.062729e-04 4.129842e-04 
109 1.639987e-04 4.652544e-04 3.795240e-04 
110 1.507115e-04 4.275592e-04 3.487748e-04 
111 1.385007e-04 3.929182e-04 3.205168e-04 
112 1.272793e-04 3.610837e-04 2.945484e-04 
113 1.169671e-04 3.318286e-04 2.706839e-04 
114 1.074904e-04 3.049436e-04 2.487530e-04 
115 9.878144e-05 2.802369e-04 2.285989e-04 
116 9.077812e-05 2.575320e-04 2.100777e-04 
117 8.342323e-05 2.366666e-04 1.930571e-04 
118 7.666424e-05 2.174918e-04 1.774155e-04 
119 7.045286e-05 1.998705e-04 1.630412e-04 
120 6.474473e-05 1.836769e-04 1.498315e-04 
121 5.949908e-05 1.687953e-04 1.376921e-04 
122 5.467844e-05 1.551194e-04 1.265362e-04 
123 5.024836e-05 1.425516e-04 1.162842e-04 
124 4.617721e-05 1.310020e-04 1.068628e-04 
125 4.243591e-05 1.203881e-04 9.820471e-05 
126 3.899773e-05 1.106342e-04 9.024812e-05 
127 3.583812e-05 1.016706e-04 8.293617e-05 
128 3.293449e-05 9.343316e-05 7.621664e-05 
129 3.026613e-05 8.586316e-05 7.004153e-05 
130 2.781395e-05 7.890648e-05 6.436673e-05 
131 2.556045e-05 7.251344e-05 5.915170e-05 
132 2.348953e-05 6.663836e-05 5.435920e-05 
133 2.158639e-05 6.123929e-05 4.995499e-05 
134 1.983745e-05 5.627765e-05 4.590761e-05 
135 1.823021e-05 5.171801e-05 4.218816e-05 
136 1.675319e-05 4.752779e-05 3.877005e-05 
137 1.539584e-05 4.367706e-05 3.562888e-05 
138 1.414846e-05 4.013833e-05 3.274221e-05 
139 1.300215e-05 3.688630e-05 3.008942e-05 
140 1.194871e-05 3.389775e-05 2.765156e-05 
141 1.098061e-05 3.115134e-05 2.541122e-05 
142 1.009096e-05 2.862744e-05 2.335239e-05 
143 9.273385e-06 2.630803e-05 2.146036e-05 
144 8.522051e-06 2.417654e-05 1.972163e-05 
145 7.831590e-06 2.221775e-05 1.812378e-05 
146 7.197071e-06 2.041765e-05 1.665538e-05 
147 6.613960e-06 1.876340e-05 1.530595e-05 
148 6.078094e-06 1.724318e-05 1.406586e-05 
149 5.585644e-06 1.584613e-05 1.292623e-05 
150 5.133092e-06 1.456227e-05 1.187894e-05 
151 4.717206e-06 1.338243e-05 1.091651e-05 
152 4.335016e-06 1.229818e-05 1.003204e-05 
153 3.983791e-06 1.130177e-05 9.219244e-06 
154 3.661022e-06 1.038610e-05 8.472296e-06 
155 3.364404e-06 9.544610e-06 7.785866e-06 
156 3.091818e-06 8.771301e-06 7.155051e-06 
157 2.841318e-06 8.060646e-06 6.575345e-06 
158 2.611113e-06 7.407568e-06 6.042608e-06 
159 2.399559e-06 6.807403e-06 5.553032e-06 
160 2.205145e-06 6.255864e-06 5.103123e-06 
161 2.026483e-06 5.749010e-06 4.689665e-06 
162 1.862297e-06 5.283223e-06 4.309706e-06 
163 1.711412e-06 4.855173e-06 3.960532e-06 
164 1.572753e-06 4.461805e-06 3.639647e-06 
165 1.445328e-06 4.100307e-06 3.344761e-06 
166 1.328227e-06 3.768098e-06 3.073767e-06 
167 1.220613e-06 3.462805e-06 2.824729e-06 
168 1.121718e-06 3.182247e-06 2.595868e-06 
169 1.030836e-06 2.924419e-06 2.385549e-06 
170 9.473172e-07 2.687481e-06 2.192271e-06 
171 8.705651e-07 2.469740e-06 2.014652e-06 
172 8.000315e-07 2.269641e-06 1.851424e-06 
173 7.352125e-07 2.085753e-06 1.701421e-06 
174 6.756452e-07 1.916764e-06 1.563571e-06 
175 6.209041e-07 1.761467e-06 1.436889e-06 
176 5.705981e-07 1.618752e-06 1.320472e-06 
177 5.243680e-07 1.487600e-06 1.213487e-06 
178 4.818834e-07 1.367074e-06 1.115169e-06 
179 4.428410e-07 1.256313e-06 1.024818e-06 
180 4.069618e-07 1.154526e-06 9.417864e-07 
181 3.739895e-07 1.060986e-06 8.654824e-07 
182 3.436887e-07 9.750240e-07 7.953606e-07 
183 3.158429e-07 8.960271e-07 7.309201e-07 
184 2.902531e-07 8.234305e-07 6.717005e-07 
185 2.667367e-07 7.567157e-07 6.172790e-07 
186 2.451255e-07 6.954063e-07 5.672668e-07 
187 2.252653e-07 6.390641e-07 5.213065e-07 
188 2.070142e-07 5.872868e-07 4.790700e-07 
189 1.902418e-07 5.397045e-07 4.402555e-07 
190 1.748283e-07 4.959774e-07 4.045858e-07 
191 1.606637e-07 4.557930e-07 3.718060e-07 
192 1.476466e-07 4.188645e-07 3.416821e-07 
193 1.356842e-07 3.849278e-07 3.139989e-07 
194 1.246910e-07 3.537408e-07 2.885585e-07 
195 1.145885e-07 3.250805e-07 2.651794e-07 
196 1.053045e-07 2.987423e-07 2.436944e-07 
197 9.677264e-08 2.745381e-07 2.239501e-07 
198 8.893207e-08 2.522949e-07 2.058056e-07 
199 8.172675e-08 2.318538e-07 1.891311e-07 
200 7.510521e-08 2.130689e-07 1.738076e-07 
201 6.902014e-08 1.958060e-07 1.597256e-07 
202 6.342810e-08 1.799417e-07 1.467846e-07 
203 5.828912e-08 1.653627e-07 1.348920e-07 
204 5.356650e-08 1.519649e-07 1.239630e-07 
205 4.922652e-08 1.396526e-07 1.139195e-07 
206 4.523816e-08 1.283379e-07 1.046896e-07 
207 4.157294e-08 1.179399e-07 9.620764e-08 
208 3.820468e-08 1.083844e-07 8.841285e-08 
209 3.510932e-08 9.960301e-08 8.124959e-08 
210 3.226474e-08 9.153312e-08 7.466671e-08 
211 2.965064e-08 8.411706e-08 6.861717e-08 
212 2.724833e-08 7.730185e-08 6.305778e-08 
213 2.504066e-08 7.103882e-08 5.794880e-08 
214 2.301185e-08 6.528322e-08 5.325376e-08 
215 2.114742e-08 5.999394e-08 4.893911e-08 
216 1.943404e-08 5.513320e-08 4.497404e-08 
217 1.785949e-08 5.066628e-08 4.133022e-08 
218 1.641250e-08 4.656127e-08 3.798163e-08 
219 1.508275e-08 4.278885e-08 3.490434e-08 
220 1.386074e-08 3.932208e-08 3.207637e-08 
221 1.273774e-08 3.613618e-08 2.947753e-08 
222 1.170572e-08 3.320841e-08 2.708924e-08 
223 1.075731e-08 3.051785e-08 2.489446e-08 
224 9.885750e-09 2.804528e-08 2.287750e-08 
225 9.084802e-09 2.577304e-08 2.102395e-08 
226 8.348746e-09 2.368489e-08 1.932058e-08 
227 7.672327e-09 2.176593e-08 1.775522e-08 
228 7.050712e-09 2.000244e-08 1.631668e-08 
229 6.479459e-09 1.838183e-08 1.499469e-08 
230 5.954488e-09 1.689253e-08 1.377982e-08 
231 5.472052e-09 1.552389e-08 1.266337e-08 
232 5.028704e-09 1.426613e-08 1.163737e-08 
233 4.621274e-09 1.311028e-08 1.069451e-08 
234 4.246857e-09 1.204808e-08 9.828034e-09 
235 3.902775e-09 1.107194e-08 9.031762e-09 
236 3.586570e-09 1.017489e-08 8.300004e-09 
237 3.295984e-09 9.350513e-09 7.627533e-09 
238 3.028939e-09 8.592929e-09 7.009547e-09 
239 2.783535e-09 7.896726e-09 6.441630e-09 
240 2.558012e-09 7.256929e-09 5.919726e-09 
241 2.350760e-09 6.668969e-09 5.440107e-09 
242 2.160300e-09 6.128646e-09 4.999347e-09 
243 1.985271e-09 5.632099e-09 4.594297e-09 
244 1.824425e-09 5.175784e-09 4.222065e-09 
245 1.676608e-09 4.756440e-09 3.879990e-09 
246 1.540769e-09 4.371070e-09 3.565632e-09 
247 1.415935e-09 4.016924e-09 3.276743e-09 
248 1.301216e-09 3.691471e-09 3.011260e-09 
249 1.195791e-09 3.392386e-09 2.767285e-09 
250 1.098909e-09 3.117533e-09 2.543078e-09 
251 1.009873e-09 2.864948e-09 2.337037e-09 
252 9.280541e-10 2.632829e-09 2.147689e-09 
253 8.528636e-10 2.419516e-09 1.973682e-09 
254 7.837617e-10 2.223486e-09 1.813773e-09 
255 7.202577e-10 2.043338e-09 1.666821e-09 
256 6.619022e-10 1.877785e-09 1.531774e-09 
257 6.082749e-10 1.725646e-09 1.407669e-09 
258 5.589909e-10 1.585833e-09 1.293619e-09 
259 5.137017e-10 1.457348e-09 1.188809e-09 
260 4.720816e-10 1.339273e-09 1.092491e-09 
261 4.338336e-10 1.230765e-09 1.003977e-09 
262 3.986841e-10 1.131046e-09 9.226346e-10 
263 3.663833e-10 1.039409e-09 8.478822e-10 
264 3.366986e-10 9.551959e-10 7.791865e-10 
265 3.094193e-10 8.778052e-10 7.160562e-10 
266 2.843504e-10 8.066847e-10 6.580416e-10 
267 2.613140e-10 7.413268e-10 6.047260e-10 
268 2.401429e-10 6.812639e-10 5.557313e-10 
269 2.206865e-10 6.260666e-10 5.107057e-10 
270 2.028087e-10 5.753441e-10 4.693272e-10 
271 1.863776e-10 5.287287e-10 4.313021e-10 
272 1.712764e-10 4.858904e-10 3.963579e-10 
273 1.573969e-10 4.465242e-10 3.642449e-10 
274 1.446439e-10 4.103458e-10 3.347335e-10 
275 1.329252e-10 3.770994e-10 3.076140e-10 
276 1.221566e-10 3.465473e-10 2.826902e-10 
277 1.122592e-10 3.184695e-10 2.597871e-10 
278 1.031627e-10 2.926670e-10 2.387383e-10 
279 9.480550e-11 2.689550e-10 2.193955e-10 
280 8.712453e-11 2.471632e-10 2.016201e-10 
281 8.006429e-11 2.271383e-10 1.852848e-10 
282 7.357759e-11 2.087357e-10 1.702729e-10 
283 6.761625e-11 1.918228e-10 1.564771e-10 
284 6.213818e-11 1.762812e-10 1.438004e-10 
285 5.710332e-11 1.619993e-10 1.321481e-10 
286 5.247824e-11 1.488738e-10 1.214423e-10 
287 4.822764e-11 1.368127e-10 1.116024e-10 
288 4.431933e-11 1.257263e-10 1.025604e-10 
289 4.072775e-11 1.155402e-10 9.425072e-11 
290 3.742773e-11 1.061797e-10 8.661427e-11 
291 3.439482e-11 9.757561e-11 7.959722e-11 
292 3.160749e-11 8.966994e-11 7.314782e-11 
293 2.904765e-11 8.240542e-11 6.722234e-11 
294 2.669465e-11 7.572920e-11 6.177481e-11 
295 2.453171e-11 6.959366e-11 5.677026e-11 
296 2.254397e-11 6.395551e-11 5.217105e-11 
297 2.071943e-11 5.877432e-11 4.794409e-11 
298 1.904032e-11 5.401113e-11 4.405920e-11 
299 1.749578e-11 4.963474e-11 4.048950e-11 
300 1.607892e-11 4.561418e-11 3.720868e-11 
301 1.477640e-11 4.191880e-11 3.419443e-11 
302 1.357758e-11 3.852174e-11 3.142397e-11 
303 1.247735e-11 3.540157e-11 2.887779e-11 
304 1.146638e-11 3.253364e-11 2.653833e-11 
305 1.053646e-11 2.989720e-11 2.438805e-11 
306 9.681700e-12 2.747458e-11 2.241207e-11 
307 8.898438e-12 2.524869e-11 2.059630e-11 
308 8.177348e-12 2.320277e-11 1.892775e-11 
309 7.516099e-12 2.132361e-11 1.739364e-11 
310 6.907031e-12 1.959566e-11 1.598466e-11 
311 6.346923e-12 1.800737e-11 1.468980e-11 
312 5.832113e-12 1.654876e-11 1.349976e-11 
313 5.359380e-12 1.520772e-11 1.240619e-11 
314 4.927725e-12 1.397527e-11 1.140077e-11 
315 4.526934e-12 1.284217e-11 1.047695e-11 
316 4.158895e-12 1.180223e-11 9.627854e-12 
317 3.823941e-12 1.084632e-11 8.848366e-12 
318 3.513967e-12 9.967915e-12 8.131273e-12 
319 3.230083e-12 9.159895e-12 7.472689e-12 
320 2.968736e-12 8.418044e-12 6.866285e-12 
321 2.729039e-12 7.736034e-12 6.310952e-12 
322 2.508327e-12 7.110090e-12 5.798473e-12 
323 2.305156e-12 6.533662e-12 5.329182e-12 
324 2.118528e-12 6.004530e-12 4.897749e-12 
325 1.947775e-12 5.518697e-12 4.500844e-12 
326 1.790235e-12 5.070944e-12 4.136469e-12 
327 1.648015e-12 4.659828e-12 3.800515e-12 
328 1.514899e-12 4.283018e-12 3.492762e-12 
329 1.391331e-12 3.935630e-12 3.209877e-12 
330 1.279199e-12 3.616440e-12 2.949974e-12 
331 1.177280e-12 3.323231e-12 2.711054e-12 
332 1.080580e-12 3.054668e-12 2.492229e-12 
333 9.937606e-13 2.806533e-12 2.288836e-12 
334 9.126033e-13 2.579492e-12 2.104206e-12 
335 8.393286e-13 2.370770e-12 1.933786e-12 
336 7.701617e-13 2.178036e-12 1.777023e-12 
337 7.083223e-13 2.002065e-12 1.632139e-12 
338 6.502576e-13 1.839640e-12 1.501244e-12 
339 5.957457e-13 1.690870e-12 1.379896e-12 
340 5.466738e-13 1.553646e-12 1.266653e-12 
341 5.012657e-13 1.427969e-12 1.164180e-12 
342 4.604095e-13 1.311395e-12 1.069589e-12 
343 4.246603e-13 1.205369e-12 9.829915e-13 
344 3.893552e-13 1.107892e-12 9.043877e-13 
345 3.574918e-13 1.018519e-12 8.303358e-13 
346 3.287370e-13 9.363621e-13 7.627232e-13 
347 3.026468e-13 8.599788e-13 7.018830e-13 
348 2.799982e-13 7.897016e-13 6.443734e-13 
349 2.582379e-13 7.256418e-13 5.917489e-13 
350 2.365885e-13 6.666889e-13 5.440093e-13 
351 2.173817e-13 6.126211e-13 5.002665e-13 
352 1.999512e-13 5.627721e-13 4.591882e-13 
353 1.839640e-13 5.166978e-13 4.227729e-13 
354 1.684208e-13 4.760636e-13 3.880229e-13 
355 1.546541e-13 4.373168e-13 3.564926e-13 
356 1.419975e-13 4.007905e-13 3.272937e-13 
357 1.331157e-13 3.691492e-13 3.016476e-13 
358 1.223466e-13 3.390621e-13 2.768896e-13 
359 1.134648e-13 3.114176e-13 2.539080e-13 
360 1.064704e-13 2.864375e-13 2.343681e-13 
361 9.781065e-14 2.622347e-13 2.146061e-13 
362 9.015011e-14 2.413625e-13 1.980638e-13 
363 8.293366e-14 2.216005e-13 1.816325e-13 
364 7.560619e-14 2.029488e-13 1.666445e-13 
365 6.816769e-14 1.866285e-13 1.533218e-13 
366 6.206147e-14 1.706413e-13 1.414424e-13 
367 5.628831e-14 1.569855e-13 1.294520e-13 
368 5.184742e-14 1.449951e-13 1.191269e-13 
369 4.951595e-14 1.325606e-13 1.089129e-13 
370 4.574119e-14 1.215694e-13 1.003642e-13 
371 4.196643e-14 1.126876e-13 9.237056e-14 
372 3.974598e-14 1.029177e-13 8.493206e-14 
373 3.619327e-14 9.370282e-14 7.849277e-14 
374 3.386180e-14 8.715251e-14 7.083223e-14 
375 3.141931e-14 8.093526e-14 6.727952e-14 
376 2.908784e-14 7.382983e-14 6.039613e-14 
377 2.842171e-14 6.816769e-14 5.606626e-14 
378 2.797762e-14 6.272760e-14 5.184742e-14 
379 2.675637e-14 5.706546e-14 4.718448e-14 
380 2.586820e-14 5.395684e-14 4.352074e-14 
381 2.431388e-14 4.907186e-14 3.952394e-14 
382 2.409184e-14 4.496403e-14 3.597123e-14 
383 2.309264e-14 4.096723e-14 3.375078e-14 
384 2.164935e-14 3.819167e-14 3.064216e-14 
385 2.120526e-14 3.397282e-14 2.886580e-14 
386 2.098322e-14 3.119727e-14 2.586820e-14 
387 2.098322e-14 2.953193e-14 2.342571e-14 
388 2.098322e-14 2.609024e-14 2.176037e-14 
389 2.098322e-14 2.464695e-14 2.042810e-14 
390 2.098322e-14 2.242651e-14 1.820766e-14 
391 2.098322e-14 1.998401e-14 1.698641e-14 
392 2.098322e-14 1.965095e-14 1.543210e-14 
393 2.098322e-14 1.731948e-14 1.454392e-14 
394 2.098322e-14 1.532108e-14 1.332268e-14 
395 2.098322e-14 1.398881e-14 1.210143e-14 
396 2.098322e-14 1.365574e-14 1.088019e-14 
397 2.098322e-14 1.265654e-14 1.054712e-14 
398 2.098322e-14 1.265654e-14 9.436896e-15 
399 2.098322e-14 1.154632e-14 8.215650e-15 
400 2.098322e-14 1.187939e-14 7.882583e-15 
401 2.098322e-14 1.065814e-14 6.994405e-15 
402 2.098322e-14 9.103829e-15 6.661338e-15 
403 2.098322e-14 9.103829e-15 5.995204e-15 
404 2.098322e-14 8.881784e-15 5.329071e-15 
405 2.098322e-14 7.882583e-15 4.773959e-15 
406 2.098322e-14 7.882583e-15 5.440093e-15 
407 2.098322e-14 7.660539e-15 4.440892e-15 
408 2.098322e-14 7.549517e-15 4.662937e-15 
409 2.098322e-14 8.437695e-15 3.330669e-15 
410 2.098322e-14 7.105427e-15 2.997602e-15 
411 2.098322e-14 6.550316e-15 2.997602e-15 
412 2.098322e-14 6.439294e-15 2.886580e-15 
413 2.098322e-14 6.439294e-15 2.886580e-15 
414 2.098322e-14 6.217249e-15 2.220446e-15 
415 2.098322e-14 6.217249e-15 2.553513e-15 
416 2.098322e-14 6.106227e-15 1.998401e-15 
417 2.098322e-14 5.218048e-15 1.998401e-15 
418 2.098322e-14 5.218048e-15 1.998401e-15 
419 2.098322e-14 3.996803e-15 1.554312e-15 
420 2.098322e-14 3.996803e-15 1.776357e-15 
421 2.098322e-14 3.996803e-15 1.776357e-15 
422 2.098322e-14 3.885781e-15 1.776357e-15 
423 2.098322e-14 3.441691e-15 1.110223e-15 
424 2.098322e-14 2.997602e-15 9.992007e-16 
425 2.098322e-14 2.997602e-15 9.992007e-16 
426 2.098322e-14 2.886580e-15 9.992007e-16 
427 2.098322e-14 2.886580e-15 8.881784e-16 
428 2.098322e-14 2.664535e-15 8.881784e-16 
429 2.098322e-14 2.664535e-15 8.881784e-16 
430 2.098322e-14 2.664535e-15 7.771561e-16 
431 2.098322e-14 2.664535e-15 1.110223e-15 
432 2.098322e-14 2.109424e-15 2.220446e-16 
433 2.098322e-14 1.443290e-15 2.220446e-16 
434 2.098322e-14 1.332268e-15 2.220446e-16 
435 2.098322e-14 1.332268e-15 2.220446e-16 
436 2.098322e-14 4.440892e-16 2.220446e-16 
437 2.098322e-14 1.221245e-15 2.220446e-16 
438 2.098322e-14 5.551115e-16 2.220446e-16 
439 2.098322e-14 2.220446e-16 2.220446e-16 
440 2.098322e-14 5.551115e-16 2.220446e-16 
441 2.098322e-14 6.661338e-16 2.220446e-16 
442 2.098322e-14 0 2.220446e-16 
443 2.098322e-14 8.881784e-16 2.220446e-16 
444 2.098322e-14 8.881784e-16 2.220446e-16 
445 2.098322e-14 8.881784e-16 2.220446e-16 
446 2.098322e-14 8.881784e-16 2.220446e-16 
447 2.098322e-14 8.881784e-16 2.220446e-16 
448 2.098322e-14 8.881784e-16 2.220446e-16 
449 2.098322e-14 8.881784e-16 2.220446e-16 
450 2.098322e-14 8.881784e-16 2.220446e-16 
451 2.098322e-14 8.881784e-16 2.220446e-16 
452 2.098322e-14 8.881784e-16 2.220446e-16 
453 2.098322e-14 8.881784e-16 2.220446e-16 
454 2.098322e-14 8.881784e-16 2.220446e-16 
455 2.098322e-14 8.881784e-16 2.220446e-16 
456 2.098322e-14 8.881784e-16 2.220446e-16 
457 2.098322e-14 8.881784e-16 2.220446e-16 
458 2.098322e-14 8.881784e-16 2.220446e-16 
459 2.098322e-14 8.881784e-16 2.220446e-16 
460 2.098322e-14 8.881784e-16 2.220446e-16 
461 2.098322e-14 8.881784e-16 2.220446e-16 
462 2.098322e-14 8.881784e-16 2.220446e-16 
463 2.098322e-14 8.881784e-16 2.220446e-16 
464 2.098322e-14 8.881784e-16 2.220446e-16 
465 2.098322e-14 8.881784e-16 2.220446e-16 
466 2.098322e-14 8.881784e-16 2.220446e-16 
467 2.098322e-14 8.881784e-16 2.220446e-16 
468 2.098322e-14 8.881784e-16 2.220446e-16 
469 2.098322e-14 8.881784e-16 2.220446e-16 
470 2.098322e-14 8.881784e-16 2.220446e-16 
471 2.098322e-14 8.881784e-16 2.220446e-16 
472 2.098322e-14 8.881784e-16 2.220446e-16 
473 2.098322e-14 8.881784e-16 2.220446e-16 
474 2.098322e-14 8.881784e-16 2.220446e-16 
475 2.098322e-14 8.881784e-16 2.220446e-16 
476 2.098322e-14 8.881784e-16 2.220446e-16 
477 2.098322e-14 8.881784e-16 2.220446e-16 
478 2.098322e-14 8.881784e-16 2.220446e-16 
479 2.098322e-14 8.881784e-16 2.220446e-16 
480 2.098322e-14 8.881784e-16 2.220446e-16 
481 2.098322e-14 8.881784e-16 2.220446e-16 
482 2.098322e-14 8.881784e-16 2.220446e-16 
483 2.098322e-14 8.881784e-16 2.220446e-16 
484 2.098322e-14 8.881784e-16 2.220446e-16 
485 2.098322e-14 8.881784e-16 2.220446e-16 
486 2.098322e-14 8.881784e-16 2.220446e-16 
487 2.098322e-14 8.881784e-16 2.220446e-16 
488 2.098322e-14 8.881784e-16 2.220446e-16 
489 2.098322e-14 8.881784e-16 2.220446e-16 
490 2.098322e-14 8.881784e-16 2.220446e-16 
491 2.098322e-14 8.881784e-16 2.220446e-16 
492 2.098322e-14 8.881784e-16 2.220446e-16 
493 2.098322e-14 8.881784e-16 2.220446e-16 
494 2.098322e-14 8.881784e-16 2.220446e-16 
495 2.098322e-14 8.881784e-16 2.220446e-16 
496 2.098322e-14 8.881784e-16 2.220446e-16 
497 2.098322e-14 8.881784e-16 2.220446e-16 
498 2.098322e-14 8.881784e-16 2.220446e-16 
499 2.098322e-14 8.881784e-16 2.220446e-16 
500 2.098322e-14 8.881784e-16 2.220446e-16 
501 2.098322e-14 8.881784e-16 2.220446e-16 
502 2.098322e-14 8.881784e-16 2.220446e-16 
503 2.098322e-14 8.881784e-16 2.220446e-16 
504 2.098322e-14 8.881784e-16 2.220446e-16 
505 2.098322e-14 8.881784e-16 2.220446e-16 
506 2.098322e-14 8.881784e-16 2.220446e-16 
507 2.098322e-14 8.881784e-16 2.220446e-16 
508 2.098322e-14 8.881784e-16 2.220446e-16 
509 2.098322e-14 8.881784e-16 2.220446e-16 
510 2.098322e-14 8.881784e-16 2.220446e-16 
511 2.098322e-14 8.881784e-16 2.220446e-16 
512 2.098322e-14 8.881784e-16 2.220446e-16 
513 2.098322e-14 8.881784e-16 2.220446e-16 
514 2.098322e-14 8.881784e-16 2.220446e-16 
515 2.098322e-14 8.881784e-16 2.220446e-16 
516 2.098322e-14 8.881784e-16 2.220446e-16 
517 2.098322e-14 8.881784e-16 2.220446e-16 
518 2.098322e-14 8.881784e-16 2.220446e-16 
519 2.098322e-14 8.881784e-16 2.220446e-16 
520 2.098322e-14 8.881784e-16 2.220446e-16 
521 2.098322e-14 8.881784e-16 2.220446e-16 
522 2.098322e-14 8.881784e-16 2.220446e-16 
523 2.098322e-14 8.881784e-16 2.220446e-16 
524 2.098322e-14 8.881784e-16 2.220446e-16 
525 2.098322e-14 8.881784e-16 2.220446e-16 
526 2.098322e-14 8.881784e-16 2.220446e-16 
527 2.098322e-14 8.881784e-16 2.220446e-16 
528 2.098322e-14 8.881784e-16 2.220446e-16 
529 2.098322e-14 8.881784e-16 2.220446e-16 
530 2.098322e-14 8.881784e-16 2.220446e-16 
531 2.098322e-14 8.881784e-16 2.220446e-16 
532 2.098322e-14 8.881784e-16 2.220446e-16 
533 2.098322e-14 8.881784e-16 2.220446e-16 
534 2.098322e-14 8.881784e-16 2.220446e-16 
535 2.098322e-14 8.881784e-16 2.220446e-16 
536 2.098322e-14 8.881784e-16 2.220446e-16 
537 2.098322e-14 8.881784e-16 2.220446e-16 
538 2.098322e-14 8.881784e-16 2.220446e-16 
539 2.098322e-14 8.881784e-16 2.220446e-16 
540 2.098322e-14 8.881784e-16 2.220446e-16 
541 2.098322e-14 8.881784e-16 2.220446e-16 
542 2.098322e-14 8.881784e-16 2.220446e-16 
543 2.098322e-14 8.881784e-16 2.220446e-16 
544 2.098322e-14 8.881784e-16 2.220446e-16 
545 2.098322e-14 8.881784e-16 2.220446e-16 
546 2.098322e-14 8.881784e-16 2.220446e-16 
547 2.098322e-14 8.881784e-16 2.220446e-16 
548 2.098322e-14 8.881784e-16 2.220446e-16 
549 2.098322e-14 8.881784e-16 2.220446e-16 
550 2.098322e-14 8.881784e-16 2.220446e-16 
551 2.098322e-14 8.881784e-16 2.220446e-16 
552 2.098322e-14 8.881784e-16 2.220446e-16 
553 2.098322e-14 8.881784e-16 2.220446e-16 
554 2.098322e-14 8.881784e-16 2.220446e-16 
555 2.098322e-14 8.881784e-16 2.220446e-16 
556 2.098322e-14 8.881784e-16 2.220446e-16 
557 2.098322e-14 8.881784e-16 2.220446e-16 
558 2.098322e-14 8.881784e-16 2.220446e-16 
559 2.098322e-14 8.881784e-16 2.220446e-16 
560 2.098322e-14 8.881784e-16 2.220446e-16 
561 2.098322e-14 8.881784e-16 2.220446e-16 
562 2.098322e-14 8.881784e-16 2.220446e-16 
563 2.098322e-14 8.881784e-16 2.220446e-16 
564 2.098322e-14 8.881784e-16 2.220446e-16 
565 2.098322e-14 8.881784e-16 2.220446e-16 
566 2.098322e-14 8.881784e-16 2.220446e-16 
567 2.098322e-14 8.881784e-16 2.220446e-16 
568 2.098322e-14 8.881784e-16 2.220446e-16 
569 2.098322e-14 8.881784e-16 2.220446e-16 
570 2.098322e-14 8.881784e-16 2.220446e-16 
571 2.098322e-14 8.881784e-16 2.220446e-16 
572 2.098322e-14 8.881784e-16 2.220446e-16 
573 2.098322e-14 8.881784e-16 2.220446e-16 
574 2.098322e-14 8.881784e-16 2.220446e-16 
575 2.098322e-14 8.881784e-16 2.220446e-16 
576 2.098322e-14 8.881784e-16 2.220446e-16 
577 2.098322e-14 8.881784e-16 2.220446e-16 
578 2.098322e-14 8.881784e-16 2.220446e-16 
579 2.098322e-14 8.881784e-16 2.220446e-16 
580 2.098322e-14 8.881784e-16 2.220446e-16 
581 2.098322e-14 8.881784e-16 2.220446e-16 
582 2.098322e-14 8.881784e-16 2.220446e-16 
583 2.098322e-14 8.881784e-16 2.220446e-16 
584 2.098322e-14 8.881784e-16 2.220446e-16 
585 2.098322e-14 8.881784e-16 2.220446e-16 
586 2.098322e-14 8.881784e-16 2.220446e-16 
587 2.098322e-14 8.881784e-16 2.220446e-16 
588 2.098322e-14 8.881784e-16 2.220446e-16 
589 2.098322e-14 8.881784e-16 2.220446e-16 
590 2.098322e-14 8.881784e-16 2.220446e-16 
591 2.098322e-14 8.881784e-16 2.220446e-16 
592 2.098322e-14 8.881784e-16 2.220446e-16 
593 2.098322e-14 8.881784e-16 2.220446e-16 
594 2.098322e-14 8.881784e-16 2.220446e-16 
595 2.098322e-14 8.881784e-16 2.220446e-16 
596 2.098322e-14 8.881784e-16 2.220446e-16 
597 2.098322e-14 8.881784e-16 2.220446e-16 
598 2.098322e-14 8.881784e-16 2.220446e-16 
599 2.098322e-14 8.881784e-16 2.220446e-16 
600 2.098322e-14 8.881784e-16 2.220446e-16 
601 2.098322e-14 8.881784e-16 2.220446e-16 
602 2.098322e-14 8.881784e-16 2.220446e-16 
603 2.098322e-14 8.881784e-16 2.220446e-16 
604 2.098322e-14 8.881784e-16 2.220446e-16 
605 2.098322e-14 8.881784e-16 2.220446e-16 
606 2.098322e-14 8.881784e-16 2.220446e-16 
607 2.098322e-14 8.881784e-16 2.220446e-16 
608 2.098322e-14 8.881784e-16 2.220446e-16 
609 2.098322e-14 8.881784e-16 2.220446e-16 
610 2.098322e-14 8.881784e-16 2.220446e-16 
611 2.098322e-14 8.881784e-16 2.220446e-16 
612 2.098322e-14 8.881784e-16 2.220446e-16 
613 2.098322e-14 8.881784e-16 2.220446e-16 
614 2.098322e-14 8.881784e-16 2.220446e-16 
615 2.098322e-14 8.881784e-16 2.220446e-16 
616 2.098322e-14 8.881784e-16 2.220446e-16 
617 2.098322e-14 8.881784e-16 2.220446e-16 
618 2.098322e-14 8.881784e-16 2.220446e-16 
619 2.098322e-14 8.881784e-16 2.220446e-16 
620 2.098322e-14 8.881784e-16 2.220446e-16 
621 2.098322e-14 8.881784e-16 2.220446e-16 
622 2.098322e-14 8.881784e-16 2.220446e-16 
623 2.098322e-14 8.881784e-16 2.220446e-16 
624 2.098322e-14 8.881784e-16 2.220446e-16 
625 2.098322e-14 8.881784e-16 2.220446e-16 
626 2.098322e-14 8.881784e-16 2.220446e-16 
627 2.098322e-14 8.881784e-16 2.220446e-16 
628 2.098322e-14 8.881784e-16 2.220446e-16 
629 2.098322e-14 8.881784e-16 2.220446e-16 
630 2.098322e-14 8.881784e-16 2.220446e-16 
631 2.098322e-14 8.881784e-16 2.220446e-16 
632 2.098322e-14 8.881784e-16 2.220446e-16 
633 2.098322e-14 8.881784e-16 2.220446e-16 
634 2.098322e-14 8.881784e-16 2.220446e-16 
635 2.098322e-14 8.881784e-16 2.220446e-16 
636 2.098322e-14 8.881784e-16 2.220446e-16 
637 2.098322e-14 8.881784e-16 2.220446e-16 
638 2.098322e-14 8.881784e-16 2.220446e-16 
639 2.098322e-14 8.881784e-16 2.220446e-16 
640 2.098322e-14 8.881784e-16 2.220446e-16 
641 2.098322e-14 8.881784e-16 2.220446e-16 
642 2.098322e-14 8.881784e-16 2.220446e-16 
643 2.098322e-14 8.881784e-16 2.220446e-16 
644 2.098322e-14 8.881784e-16 2.220446e-16 
645 2.098322e-14 8.881784e-16 2.220446e-16 
646 2.098322e-14 8.881784e-16 2.220446e-16 
647 2.098322e-14 8.881784e-16 2.220446e-16 
648 2.098322e-14 8.881784e-16 2.220446e-16 
649 2.098322e-14 8.881784e-16 2.220446e-16 
650 2.098322e-14 8.881784e-16 2.220446e-16 
651 2.098322e-14 8.881784e-16 2.220446e-16 
652 2.098322e-14 8.881784e-16 2.220446e-16 
653 2.098322e-14 8.881784e-16 2.220446e-16 
654 2.098322e-14 8.881784e-16 2.220446e-16 
655 2.098322e-14 8.881784e-16 2.220446e-16 
656 2.098322e-14 8.881784e-16 2.220446e-16 
657 2.098322e-14 8.881784e-16 2.220446e-16 
658 2.098322e-14 8.881784e-16 2.220446e-16 
659 2.098322e-14 8.881784e-16 2.220446e-16 
660 2.098322e-14 8.881784e-16 2.220446e-16 
661 2.098322e-14 8.881784e-16 2.220446e-16 
662 2.098322e-14 8.881784e-16 2.220446e-16 
663 2.098322e-14 8.881784e-16 2.220446e-16 
664 2.098322e-14 8.881784e-16 2.220446e-16 
665 2.098322e-14 8.881784e-16 2.220446e-16 
666 2.098322e-14 8.881784e-16 2.220446e-16 
667 2.098322e-14 8.881784e-16 2.220446e-16 
668 2.098322e-14 8.881784e-16 2.220446e-16 
669 2.098322e-14 8.881784e-16 2.220446e-16 
670 2.098322e-14 8.881784e-16 2.220446e-16 
671 2.098322e-14 8.881784e-16 2.220446e-16 
672 2.098322e-14 8.881784e-16 2.220446e-16 
673 2.098322e-14 8.881784e-16 2.220446e-16 
674 2.098322e-14 8.881784e-16 2.220446e-16 
675 2.098322e-14 8.881784e-16 2.220446e-16 
676 2.098322e-14 8.881784e-16 2.220446e-16 
677 2.098322e-14 8.881784e-16 2.220446e-16 
678 2.098322e-14 8.881784e-16 2.220446e-16 
679 2.098322e-14 8.881784e-16 2.220446e-16 
680 2.098322e-14 8.881784e-16 2.220446e-16 
681 2.098322e-14 8.881784e-16 2.220446e-16 
682 2.098322e-14 8.881784e-16 2.220446e-16 
683 2.098322e-14 8.881784e-16 2.220446e-16 
684 2.098322e-14 8.881784e-16 2.220446e-16 
685 2.098322e-14 8.881784e-16 2.220446e-16 
686 2.098322e-14 8.881784e-16 2.220446e-16 
687 2.098322e-14 8.881784e-16 2.220446e-16 
688 2.098322e-14 8.881784e-16 2.220446e-16 
689 2.098322e-14 8.881784e-16 2.220446e-16 
690 2.098322e-14 8.881784e-16 2.220446e-16 
691 2.098322e-14 8.881784e-16 2.220446e-16 
692 2.098322e-14 8.881784e-16 2.220446e-16 
693 2.098322e-14 8.881784e-16 2.220446e-16 
694 2.098322e-14 8.881784e-16 2.220446e-16 
695 2.098322e-14 8.881784e-16 2.220446e-16 
696 2.098322e-14 8.881784e-16 2.220446e-16 
697 2.098322e-14 8.881784e-16 2.220446e-16 
698 2.098322e-14 8.881784e-16 2.220446e-16 
699 2.098322e-14 8.881784e-16 2.220446e-16 
700 2.098322e-14 8.881784e-16 2.220446e-16 
701 2.098322e-14 8.881784e-16 2.220446e-16 
702 2.098322e-14 8.881784e-16 2.220446e-16 
703 2.098322e-14 8.881784e-16 2.220446e-16 
704 2.098322e-14 8.881784e-16 2.220446e-16 
705 2.098322e-14 8.881784e-16 2.220446e-16 
706 2.098322e-14 8.881784e-16 2.220446e-16 
707 2.098322e-14 8.881784e-16 2.220446e-16 
708 2.098322e-14 8.881784e-16 2.220446e-16 
709 2.098322e-14 8.881784e-16 2.220446e-16 
710 2.098322e-14 8.881784e-16 2.220446e-16 
711 2.098322e-14 8.881784e-16 2.220446e-16 
712 2.098322e-14 8.881784e-16 2.220446e-16 
713 2.098322e-14 8.881784e-16 2.220446e-16 
714 2.098322e-14 8.881784e-16 2.220446e-16 
715 2.098322e-14 8.881784e-16 2.220446e-16 
716 2.098322e-14 8.881784e-16 2.220446e-16 
717 2.098322e-14 8.881784e-16 2.220446e-16 
718 2.098322e-14 8.881784e-16 2.220446e-16 
719 2.098322e-14 8.881784e-16 2.220446e-16 
720 2.098322e-14 8.881784e-16 2.220446e-16 
721 2.098322e-14 8.881784e-16 2.220446e-16 
722 2.098322e-14 8.881784e-16 2.220446e-16 
723 2.098322e-14 8.881784e-16 2.220446e-16 
724 2.098322e-14 8.881784e-16 2.220446e-16 
725 2.098322e-14 8.881784e-16 2.220446e-16 
726 2.098322e-14 8.881784e-16 2.220446e-16 
727 2.098322e-14 8.881784e-16 2.220446e-16 
728 2.098322e-14 8.881784e-16 2.220446e-16 
729 2.098322e-14 8.881784e-16 2.220446e-16 
730 2.098322e-14 8.881784e-16 2.220446e-16 
731 2.098322e-14 8.881784e-16 2.220446e-16 
732 2.098322e-14 8.881784e-16 2.220446e-16 
733 2.098322e-14 8.881784e-16 2.220446e-16 
734 2.098322e-14 8.881784e-16 2.220446e-16 
735 2.098322e-14 8.881784e-16 2.220446e-16 
736 2.098322e-14 8.881784e-16 2.220446e-16 
737 2.098322e-14 8.881784e-16 2.220446e-16 
738 2.098322e-14 8.881784e-16 2.220446e-16 
739 2.098322e-14 8.881784e-16 2.220446e-16 
740 2.098322e-14 8.881784e-16 2.220446e-16 
741 2.098322e-14 8.881784e-16 2.220446e-16 
742 2.098322e-14 8.881784e-16 2.220446e-16 
743 2.098322e-14 8.881784e-16 2.220446e-16 
744 2.098322e-14 8.881784e-16 2.220446e-16 
745 2.098322e-14 8.881784e-16 2.220446e-16 
746 2.098322e-14 8.881784e-16 2.220446e-16 
747 2.098322e-14 8.881784e-16 2.220446e-16 
748 2.098322e-14 8.881784e-16 2.220446e-16 
749 2.098322e-14 8.881784e-16 2.220446e-16 
750 2.098322e-14 8.881784e-16 2.220446e-16 
751 2.098322e-14 8.881784e-16 2.220446e-16 
752 2.098322e-14 8.881784e-16 2.220446e-16 
753 2.098322e-14 8.881784e-16 2.220446e-16 
754 2.098322e-14 8.881784e-16 2.220446e-16 
755 2.098322e-14 8.881784e-16 2.220446e-16 
756 2.098322e-14 8.881784e-16 2.220446e-16 
757 2.098322e-14 8.881784e-16 2.220446e-16 
758 2.098322e-14 8.881784e-16 2.220446e-16 
759 2.098322e-14 8.881784e-16 2.220446e-16 
760 2.098322e-14 8.881784e-16 2.220446e-16 
761 2.098322e-14 8.881784e-16 2.220446e-16 
762 2.098322e-14 8.881784e-16 2.220446e-16 
763 2.098322e-14 8.881784e-16 2.220446e-16 
764 2.098322e-14 8.881784e-16 2.220446e-16 
765 2.098322e-14 8.881784e-16 2.220446e-16 
766 2.098322e-14 8.881784e-16 2.220446e-16 
767 2.098322e-14 8.881784e-16 2.220446e-16 
768 2.098322e-14 8.881784e-16 2.220446e-16 
769 2.098322e-14 8.881784e-16 2.220446e-16 
770 2.098322e-14 8.881784e-16 2.220446e-16 
771 2.098322e-14 8.881784e-16 2.220446e-16 
772 2.098322e-14 8.881784e-16 2.220446e-16 
773 2.098322e-14 8.881784e-16 2.220446e-16 
774 2.098322e-14 8.881784e-16 2.220446e-16 
775 2.098322e-14 8.881784e-16 2.220446e-16 
776 2.098322e-14 8.881784e-16 2.220446e-16 
777 2.098322e-14 8.881784e-16 2.220446e-16 
778 2.098322e-14 8.881784e-16 2.220446e-16 
779 2.098322e-14 8.881784e-16 2.220446e-16 
780 2.098322e-14 8.881784e-16 2.220446e-16 
781 2.098322e-14 8.881784e-16 2.220446e-16 
782 2.098322e-14 8.881784e-16 2.220446e-16 
783 2.098322e-14 8.881784e-16 2.220446e-16 
784 2.098322e-14 8.881784e-16 2.220446e-16 
785 2.098322e-14 8.881784e-16 2.220446e-16 
786 2.098322e-14 8.881784e-16 2.220446e-16 
787 2.098322e-14 8.881784e-16 2.220446e-16 
788 2.098322e-14 8.881784e-16 2.220446e-16 
789 2.098322e-14 8.881784e-16 2.220446e-16 
790 2.098322e-14 8.881784e-16 2.220446e-16 
791 2.098322e-14 8.881784e-16 2.220446e-16 
792 2.098322e-14 8.881784e-16 2.220446e-16 
793 2.098322e-14 8.881784e-16 2.220446e-16 
794 2.098322e-14 8.881784e-16 2.220446e-16 
795 2.098322e-14 8.881784e-16 2.220446e-16 
796 2.098322e-14 8.881784e-16 2.220446e-16 
797 2.098322e-14 8.881784e-16 2.220446e-16 
798 2.098322e-14 8.881784e-16 2.220446e-16 
799 2.098322e-14 8.881784e-16 2.220446e-16 
800 2.098322e-14 8.881784e-16 2.220446e-16 
801 2.098322e-14 8.881784e-16 2.220446e-16 
802 2.098322e-14 8.881784e-16 2.220446e-16 
803 2.098322e-14 8.881784e-16 2.220446e-16 
804 2.098322e-14 8.881784e-16 2.220446e-16 
805 2.098322e-14 8.881784e-16 2.220446e-16 
806 2.098322e-14 8.881784e-16 2.220446e-16 
807 2.098322e-14 8.881784e-16 2.220446e-16 
808 2.098322e-14 8.881784e-16 2.220446e-16 
809 2.098322e-14 8.881784e-16 2.220446e-16 
810 2.098322e-14 8.881784e-16 2.220446e-16 
811 2.098322e-14 8.881784e-16 2.220446e-16 
812 2.098322e-14 8.881784e-16 2.220446e-16 
813 2.098322e-14 8.881784e-16 2.220446e-16 
814 2.098322e-14 8.881784e-16 2.220446e-16 
815 2.098322e-14 8.881784e-16 2.220446e-16 
816 2.098322e-14 8.881784e-16 2.220446e-16 
817 2.098322e-14 8.881784e-16 2.220446e-16 
818 2.098322e-14 8.881784e-16 2.220446e-16 
819 2.098322e-14 8.881784e-16 2.220446e-16 
820 2.098322e-14 8.881784e-16 2.220446e-16 
821 2.098322e-14 8.881784e-16 2.220446e-16 
822 2.098322e-14 8.881784e-16 2.220446e-16 
823 2.098322e-14 8.881784e-16 2.220446e-16 
824 2.098322e-14 8.881784e-16 2.220446e-16 
825 2.098322e-14 8.881784e-16 2.220446e-16 
826 2.098322e-14 8.881784e-16 2.220446e-16 
827 2.098322e-14 8.881784e-16 2.220446e-16 
828 2.098322e-14 8.881784e-16 2.220446e-16 
829 2.098322e-14 8.881784e-16 2.220446e-16 
830 2.098322e-14 8.881784e-16 2.220446e-16 
831 2.098322e-14 8.881784e-16 2.220446e-16 
832 2.098322e-14 8.881784e-16 2.220446e-16 
833 2.098322e-14 8.881784e-16 2.220446e-16 
834 2.098322e-14 8.881784e-16 2.220446e-16 
835 2.098322e-14 8.881784e-16 2.220446e-16 
836 2.098322e-14 8.881784e-16 2.220446e-16 
837 2.098322e-14 8.881784e-16 2.220446e-16 
838 2.098322e-14 8.881784e-16 2.220446e-16 
839 2.098322e-14 8.881784e-16 2.220446e-16 
840 2.098322e-14 8.881784e-16 2.220446e-16 
841 2.098322e-14 8.881784e-16 2.220446e-16 
842 2.098322e-14 8.881784e-16 2.220446e-16 
843 2.098322e-14 8.881784e-16 2.220446e-16 
844 2.098322e-14 8.881784e-16 2.220446e-16 
845 2.098322e-14 8.881784e-16 2.220446e-16 
846 2.098322e-14 8.881784e-16 2.220446e-16 
847 2.098322e-14 8.881784e-16 2.220446e-16 
848 2.098322e-14 8.881784e-16 2.220446e-16 
849 2.098322e-14 8.881784e-16 2.220446e-16 
850 2.098322e-14 8.881784e-16 2.220446e-16 
851 2.098322e-14 8.881784e-16 2.220446e-16 
852 2.098322e-14 8.881784e-16 2.220446e-16 
853 2.098322e-14 8.881784e-16 2.220446e-16 
854 2.098322e-14 8.881784e-16 2.220446e-16 
855 2.098322e-14 8.881784e-16 2.220446e-16 
856 2.098322e-14 8.881784e-16 2.220446e-16 
857 2.098322e-14 8.881784e-16 2.220446e-16 
858 2.098322e-14 8.881784e-16 2.220446e-16 
859 2.098322e-14 8.881784e-16 2.220446e-16 
860 2.098322e-14 8.881784e-16 2.220446e-16 
861 2.098322e-14 8.881784e-16 2.220446e-16 
862 2.098322e-14 8.881784e-16 2.220446e-16 
863 2.098322e-14 8.881784e-16 2.220446e-16 
864 2.098322e-14 8.881784e-16 2.220446e-16 
865 2.098322e-14 8.881784e-16 2.220446e-16 
866 2.098322e-14 8.881784e-16 2.220446e-16 
867 2.098322e-14 8.881784e-16 2.220446e-16 
868 2.098322e-14 8.881784e-16 2.220446e-16 
869 2.098322e-14 8.881784e-16 2.220446e-16 
870 2.098322e-14 8.881784e-16 2.220446e-16 
871 2.098322e-14 8.881784e-16 2.220446e-16 
872 2.098322e-14 8.881784e-16 2.220446e-16 
873 2.098322e-14 8.881784e-16 2.220446e-16 
874 2.098322e-14 8.881784e-16 2.220446e-16 
875 2.098322e-14 8.881784e-16 2.220446e-16 
876 2.098322e-14 8.881784e-16 2.220446e-16 
877 2.098322e-14 8.881784e-16 2.220446e-16 
878 2.098322e-14 8.881784e-16 2.220446e-16 
879 2.098322e-14 8.881784e-16 2.220446e-16 
880 2.098322e-14 8.881784e-16 2.220446e-16 
881 2.098322e-14 8.881784e-16 2.220446e-16 
882 2.098322e-14 8.881784e-16 2.220446e-16 
883 2.098322e-14 8.881784e-16 2.220446e-16 
884 2.098322e-14 8.881784e-16 2.220446e-16 
885 2.098322e-14 8.881784e-16 2.220446e-16 
886 2.098322e-14 8.881784e-16 2.220446e-16 
887 2.098322e-14 8.881784e-16 2.220446e-16 
888 2.098322e-14 8.881784e-16 2.220446e-16 
889 2.098322e-14 8.881784e-16 2.220446e-16 
890 2.098322e-14 8.881784e-16 2.220446e-16 
891 2.098322e-14 8.881784e-16 2.220446e-16 
892 2.098322e-14 8.881784e-16 2.220446e-16 
893 2.098322e-14 8.881784e-16 2.220446e-16 
894 2.098322e-14 8.881784e-16 2.220446e-16 
895 2.098322e-14 8.881784e-16 2.220446e-16 
896 2.098322e-14 8.881784e-16 2.220446e-16 
897 2.098322e-14 8.881784e-16 2.220446e-16 
898 2.098322e-14 8.881784e-16 2.220446e-16 
899 2.098322e-14 8.881784e-16 2.220446e-16 
900 2.098322e-14 8.881784e-16 2.220446e-16 
901 2.098322e-14 8.881784e-16 2.220446e-16 
902 2.098322e-14 8.881784e-16 2.220446e-16 
903 2.098322e-14 8.881784e-16 2.220446e-16 
904 2.098322e-14 8.881784e-16 2.220446e-16 
905 2.098322e-14 8.881784e-16 2.220446e-16 
906 2.098322e-14 8.881784e-16 2.220446e-16 
907 2.098322e-14 8.881784e-16 2.220446e-16 
908 2.098322e-14 8.881784e-16 2.220446e-16 
909 2.098322e-14 8.881784e-16 2.220446e-16 
910 2.098322e-14 8.881784e-16 2.220446e-16 
911 2.098322e-14 8.881784e-16 2.220446e-16 
912 2.098322e-14 8.881784e-16 2.220446e-16 
913 2.098322e-14 8.881784e-16 2.220446e-16 
914 2.098322e-14 8.881784e-16 2.220446e-16 
915 2.098322e-14 8.881784e-16 2.220446e-16 
916 2.098322e-14 8.881784e-16 2.220446e-16 
917 2.098322e-14 8.881784e-16 2.220446e-16 
918 2.098322e-14 8.881784e-16 2.220446e-16 
919 2.098322e-14 8.881784e-16 2.220446e-16 
920 2.098322e-14 8.881784e-16 2.220446e-16 
921 2.098322e-14 8.881784e-16 2.220446e-16 
922 2.098322e-14 8.881784e-16 2.220446e-16 
923 2.098322e-14 8.881784e-16 2.220446e-16 
924 2.098322e-14 8.881784e-16 2.220446e-16 
925 2.098322e-14 8.881784e-16 2.220446e-16 
926 2.098322e-14 8.881784e-16 2.220446e-16 
927 2.098322e-14 8.881784e-16 2.220446e-16 
928 2.098322e-14 8.881784e-16 2.220446e-16 
929 2.098322e-14 8.881784e-16 2.220446e-16 
930 2.098322e-14 8.881784e-16 2.220446e-16 
931 2.098322e-14 8.881784e-16 2.220446e-16 
932 2.098322e-14 8.881784e-16 2.220446e-16 
933 2.098322e-14 8.881784e-16 2.220446e-16 
934 2.098322e-14 8.881784e-16 2.220446e-16 
935 2.098322e-14 8.881784e-16 2.220446e-16 
936 2.098322e-14 8.881784e-16 2.220446e-16 
937 2.098322e-14 8.881784e-16 2.220446e-16 
938 2.098322e-14 8.881784e-16 2.220446e-16 
939 2.098322e-14 8.881784e-16 2.220446e-16 
940 2.098322e-14 8.881784e-16 2.220446e-16 
941 2.098322e-14 8.881784e-16 2.220446e-16 
942 2.098322e-14 8.881784e-16 2.220446e-16 
943 2.098322e-14 8.881784e-16 2.220446e-16 
944 2.098322e-14 8.881784e-16 2.220446e-16 
945 2.098322e-14 8.881784e-16 2.220446e-16 
946 2.098322e-14 8.881784e-16 2.220446e-16 
947 2.098322e-14 8.881784e-16 2.220446e-16 
948 2.098322e-14 8.881784e-16 2.220446e-16 
949 2.098322e-14 8.881784e-16 2.220446e-16 
950 2.098322e-14 8.881784e-16 2.220446e-16 
951 2.098322e-14 8.881784e-16 2.220446e-16 
952 2.098322e-14 8.881784e-16 2.220446e-16 
953 2.098322e-14 8.881784e-16 2.220446e-16 
954 2.098322e-14 8.881784e-16 2.220446e-16 
955 2.098322e-14 8.881784e-16 2.220446e-16 
956 2.098322e-14 8.881784e-16 2.220446e-16 
957 2.098322e-14 8.881784e-16 2.220446e-16 
958 2.098322e-14 8.881784e-16 2.220446e-16 
959 2.098322e-14 8.881784e-16 2.220446e-16 
960 2.098322e-14 8.881784e-16 2.220446e-16 
961 2.098322e-14 8.881784e-16 2.220446e-16 
962 2.098322e-14 8.881784e-16 2.220446e-16 
963 2.098322e-14 8.881784e-16 2.220446e-16 
964 2.098322e-14 8.881784e-16 2.220446e-16 
965 2.098322e-14 8.881784e-16 2.220446e-16 
966 2.098322e-14 8.881784e-16 2.220446e-16 
967 2.098322e-14 8.881784e-16 2.220446e-16 
968 2.098322e-14 8.881784e-16 2.220446e-16 
969 2.098322e-14 8.881784e-16 2.220446e-16 
970 2.098322e-14 8.881784e-16 2.220446e-16 
971 2.098322e-14 8.881784e-16 2.220446e-16 
972 2.098322e-14 8.881784e-16 2.220446e-16 
973 2.098322e-14 8.881784e-16 2.220446e-16 
974 2.098322e-14 8.881784e-16 2.220446e-16 
975 2.098322e-14 8.881784e-16 2.220446e-16 
976 2.098322e-14 8.881784e-16 2.220446e-16 
977 2.098322e-14 8.881784e-16 2.220446e-16 
978 2.098322e-14 8.881784e-16 2.220446e-16 
979 2.098322e-14 8.881784e-16 2.220446e-16 
980 2.098322e-14 8.881784e-16 2.220446e-16 
981 2.098322e-14 8.881784e-16 2.220446e-16 
982 2.098322e-14 8.881784e-16 2.220446e-16 
983 2.098322e-14 8.881784e-16 2.220446e-16 
984 2.098322e-14 8.881784e-16 2.220446e-16 
985 2.098322e-14 8.881784e-16 2.220446e-16 
986 2.098322e-14 8.881784e-16 2.220446e-16 
987 2.098322e-14 8.881784e-16 2.220446e-16 
988 2.098322e-14 8.881784e-16 2.220446e-16 
989 2.098322e-14 8.881784e-16 2.220446e-16 
990 2.098322e-14 8.881784e-16 2.220446e-16 
991 2.098322e-14 8.881784e-16 2.220446e-16 
992 2.098322e-14 8.881784e-16 2.220446e-16 
993 2.098322e-14 8.881784e-16 2.220446e-16 
994 2.098322e-14 8.881784e-16 2.220446e-16 
995 2.098322e-14 8.881784e-16 2.220446e-16 
996 2.098322e-14 8.881784e-16 2.220446e-16 
997 2.098322e-14 8.881784e-16 2.220446e-16 
998 2.098322e-14 8.881784e-16 2.220446e-16 
999 2.098322e-14 8.881784e-16 2.220446e-16 
1000 2.098322e-14 8.881784e-16 2.220446e-16 
