0 0 0 0 0 0 0 0
0 0 0 0 0 0 1 1
0 0 0 0 0 1 0 2
0 0 0 0 0 1 1 3
0 0 0 0 1 0 0 4
0 0 0 0 1 0 1 5
0 0 0 0 1 1 0 6
0 0 0 0 1 1 1 7
0 0 0 1 0 0 0 8
0 0 0 1 0 0 1 9
0 0 0 1 0 1 0 10
0 0 0 1 0 1 1 11
0 0 0 1 1 0 0 12
0 0 0 1 1 0 1 13
0 0 0 1 1 1 0 14
0 0 0 1 1 1 1 15
0 0 1 0 0 0 0 16
0 0 1 0 0 0 1 17
0 0 1 0 0 1 0 18
0 0 1 0 0 1 1 19
0 0 1 0 1 0 0 20
0 0 1 0 1 0 1 21
0 0 1 0 1 1 0 22
0 0 1 0 1 1 1 23
0 0 1 1 0 0 0 24
0 0 1 1 0 0 1 25
0 0 1 1 0 1 0 26
0 0 1 1 0 1 1 27
0 0 1 1 1 0 0 28
0 0 1 1 1 0 1 29
0 0 1 1 1 1 0 30
0 0 1 1 1 1 1 31
0 1 0 0 0 0 0 32
0 1 0 0 0 0 1 33
0 1 0 0 0 1 0 34
0 1 0 0 0 1 1 35
0 1 0 0 1 0 0 36
0 1 0 0 1 0 1 37
0 1 0 0 1 1 0 38
0 1 0 0 1 1 1 39
0 1 0 1 0 0 0 40
0 1 0 1 0 0 1 41
0 1 0 1 0 1 0 42
0 1 0 1 0 1 1 43
0 1 0 1 1 0 0 44
0 1 0 1 1 0 1 45
0 1 0 1 1 1 0 46
0 1 0 1 1 1 1 47
0 1 1 0 0 0 0 48
0 1 1 0 0 0 1 49
0 1 1 0 0 1 0 50
0 1 1 0 0 1 1 51
0 1 1 0 1 0 0 52
0 1 1 0 1 0 1 53
0 1 1 0 1 1 0 54
0 1 1 0 1 1 1 55
0 1 1 1 0 0 0 56
0 1 1 1 0 0 1 57
0 1 1 1 0 1 0 58
0 1 1 1 0 1 1 59
0 1 1 1 1 0 0 60
0 1 1 1 1 0 1 61
0 1 1 1 1 1 0 62
0 1 1 1 1 1 1 63
1 0 0 0 0 0 0 64
1 0 0 0 0 0 1 65
1 0 0 0 0 1 0 66
1 0 0 0 0 1 1 67
1 0 0 0 1 0 0 68
1 0 0 0 1 0 1 69
1 0 0 0 1 1 0 70
1 0 0 0 1 1 1 71
1 0 0 1 0 0 0 72
1 0 0 1 0 0 1 73
1 0 0 1 0 1 0 74
1 0 0 1 0 1 1 75
1 0 0 1 1 0 0 76
1 0 0 1 1 0 1 77
1 0 0 1 1 1 0 78
1 0 0 1 1 1 1 79
1 0 1 0 0 0 0 80
1 0 1 0 0 0 1 81
1 0 1 0 0 1 0 82
1 0 1 0 0 1 1 83
1 0 1 0 1 0 0 84
1 0 1 0 1 0 1 85
1 0 1 0 1 1 0 86
1 0 1 0 1 1 1 87
1 0 1 1 0 0 0 88
1 0 1 1 0 0 1 89
1 0 1 1 0 1 0 90
1 0 1 1 0 1 1 91
1 0 1 1 1 0 0 92
1 0 1 1 1 0 1 93
1 0 1 1 1 1 0 94
1 0 1 1 1 1 1 95
1 1 0 0 0 0 0 96
1 1 0 0 0 0 1 97
1 1 0 0 0 1 0 98
1 1 0 0 0 1 1 99
1 1 0 0 1 0 0 100
1 1 0 0 1 0 1 101
1 1 0 0 1 1 0 102
1 1 0 0 1 1 1 103
1 1 0 1 0 0 0 104
1 1 0 1 0 0 1 105
1 1 0 1 0 1 0 106
1 1 0 1 0 1 1 107
1 1 0 1 1 0 0 108
1 1 0 1 1 0 1 109
1 1 0 1 1 1 0 110
1 1 0 1 1 1 1 111
1 1 1 0 0 0 0 112
1 1 1 0 0 0 1 113
1 1 1 0 0 1 0 114
1 1 1 0 0 1 1 115
1 1 1 0 1 0 0 116
1 1 1 0 1 0 1 117
1 1 1 0 1 1 0 118
1 1 1 0 1 1 1 119
1 1 1 1 0 0 0 120
1 1 1 1 0 0 1 121
1 1 1 1 0 1 0 122
1 1 1 1 0 1 1 123
1 1 1 1 1 0 0 124
1 1 1 1 1 0 1 125
1 1 1 1 1 1 0 126
1 1 1 1 1 1 1 127
8