0 2.557928e-01 5.439608e-01 8.657071e-01 9.454817e-01 -6.159433e-01 -7.222516e-01 3.925327e-01 -8.123599e-01 5.080881e-02 6.068844e-02 7.222796e-01 -3.029333e-02 -2.130873e-01 3.428623e-01 4.825159e-01 
1 3.465065e+03 2.583406e+03 1.699191e+03 9.979672e+02 5.281466e+02 2.735792e+02 1.461429e+02 6.968832e+01 3.615193e+01 1.791989e+01 9.752290e+00 3.926535e+00 1.983547e+00 5.166092e-01 6.562676e+03 
2 5.371673e+03 3.231506e+03 1.784550e+03 9.962535e+02 4.950211e+02 2.692274e+02 1.395502e+02 7.003995e+01 3.580159e+01 2.065052e+01 1.126065e+01 3.852434e+00 2.354040e+00 7.348936e-01 3.968130e+03 
3 6.504716e+03 3.587746e+03 1.878391e+03 1.005574e+03 5.011999e+02 2.642321e+02 1.348643e+02 6.781957e+01 3.439986e+01 1.901541e+01 1.009530e+01 3.905780e+00 2.236672e+00 8.464183e-01 2.379209e+03 
4 7.182202e+03 3.794606e+03 1.943660e+03 1.012818e+03 5.055394e+02 2.609522e+02 1.320814e+02 6.631360e+01 3.345525e+01 1.782696e+01 9.264307e+00 3.943125e+00 2.144040e+00 9.095410e-01 1.424098e+03 
5 7.587691e+03 3.916565e+03 1.984898e+03 1.017312e+03 5.081316e+02 2.589669e+02 1.304339e+02 6.538942e+01 3.287422e+01 1.709551e+01 8.756936e+00 3.965942e+00 2.086456e+00 9.462559e-01 8.519754e+02 
6 7.830398e+03 3.988954e+03 2.010094e+03 1.020006e+03 5.096831e+02 2.577757e+02 1.294537e+02 6.483223e+01 3.252363e+01 1.665556e+01 8.452699e+00 3.979631e+00 2.051752e+00 9.679489e-01 5.096200e+02 
7 7.975651e+03 4.032068e+03 2.025290e+03 1.021614e+03 5.106128e+02 2.570624e+02 1.288689e+02 6.449802e+01 3.231332e+01 1.639211e+01 8.270725e+00 3.987820e+00 2.030958e+00 9.808547e-01 3.048239e+02 
8 8.062568e+03 4.057793e+03 2.034408e+03 1.022574e+03 5.111697e+02 2.566355e+02 1.285195e+02 6.429793e+01 3.218742e+01 1.623452e+01 8.161909e+00 3.992716e+00 2.018517e+00 9.885555e-01 1.823270e+02 
9 8.114571e+03 4.073159e+03 2.039868e+03 1.023147e+03 5.115031e+02 2.563802e+02 1.283107e+02 6.417821e+01 3.211210e+01 1.614027e+01 8.096837e+00 3.995644e+00 2.011075e+00 9.931565e-01 1.090578e+02 
10 8.145682e+03 4.082342e+03 2.043136e+03 1.023490e+03 5.117027e+02 2.562274e+02 1.281858e+02 6.410660e+01 3.206705e+01 1.608389e+01 8.057920e+00 3.997395e+00 2.006624e+00 9.959072e-01 6.523290e+01 
11 8.164293e+03 4.087832e+03 2.045091e+03 1.023695e+03 5.118222e+02 2.561360e+02 1.281111e+02 6.406376e+01 3.204010e+01 1.605018e+01 8.034644e+00 3.998442e+00 2.003962e+00 9.975520e-01 3.901932e+01 
12 8.175426e+03 4.091115e+03 2.046260e+03 1.023818e+03 5.118936e+02 2.560814e+02 1.280665e+02 6.403814e+01 3.202399e+01 1.603001e+01 8.020722e+00 3.999068e+00 2.002370e+00 9.985358e-01 2.333968e+01 
13 8.182086e+03 4.093078e+03 2.046959e+03 1.023891e+03 5.119364e+02 2.560487e+02 1.280398e+02 6.402281e+01 3.201435e+01 1.601795e+01 8.012395e+00 3.999442e+00 2.001418e+00 9.991242e-01 1.396085e+01 
14 8.186070e+03 4.094252e+03 2.047377e+03 1.023935e+03 5.119619e+02 2.560291e+02 1.280238e+02 6.401365e+01 3.200858e+01 1.601074e+01 8.007414e+00 3.999667e+00 2.000848e+00 9.994761e-01 8.350829e+00 
15 8.188453e+03 4.094955e+03 2.047628e+03 1.023961e+03 5.119772e+02 2.560174e+02 1.280142e+02 6.400816e+01 3.200513e+01 1.600642e+01 8.004435e+00 3.999801e+00 2.000507e+00 9.996866e-01 4.995144e+00 
16 8.189878e+03 4.095375e+03 2.047777e+03 1.023977e+03 5.119864e+02 2.560104e+02 1.280085e+02 6.400488e+01 3.200307e+01 1.600384e+01 8.002653e+00 3.999881e+00 2.000303e+00 9.998126e-01 2.987906e+00 
17 8.190731e+03 4.095626e+03 2.047867e+03 1.023986e+03 5.119919e+02 2.560062e+02 1.280051e+02 6.400292e+01 3.200184e+01 1.600230e+01 8.001587e+00 3.999929e+00 2.000181e+00 9.998879e-01 1.787253e+00 
18 8.191241e+03 4.095776e+03 2.047920e+03 1.023992e+03 5.119951e+02 2.560037e+02 1.280030e+02 6.400175e+01 3.200110e+01 1.600137e+01 8.000949e+00 3.999957e+00 2.000109e+00 9.999329e-01 1.069068e+00 
19 8.191546e+03 4.095866e+03 2.047952e+03 1.023995e+03 5.119971e+02 2.560022e+02 1.280018e+02 6.400104e+01 3.200066e+01 1.600082e+01 8.000568e+00 3.999974e+00 2.000065e+00 9.999599e-01 6.394765e-01 
20 8.191728e+03 4.095920e+03 2.047971e+03 1.023997e+03 5.119983e+02 2.560013e+02 1.280011e+02 6.400063e+01 3.200039e+01 1.600049e+01 8.000340e+00 3.999985e+00 2.000039e+00 9.999760e-01 3.825111e-01 
21 8.191838e+03 4.095952e+03 2.047983e+03 1.023998e+03 5.119990e+02 2.560008e+02 1.280007e+02 6.400037e+01 3.200024e+01 1.600029e+01 8.000203e+00 3.999991e+00 2.000023e+00 9.999856e-01 2.288039e-01 
22 8.191903e+03 4.095971e+03 2.047990e+03 1.023999e+03 5.119994e+02 2.560005e+02 1.280004e+02 6.400022e+01 3.200014e+01 1.600018e+01 8.000122e+00 3.999995e+00 2.000014e+00 9.999914e-01 1.368620e-01 
23 8.191942e+03 4.095983e+03 2.047994e+03 1.023999e+03 5.119996e+02 2.560003e+02 1.280002e+02 6.400013e+01 3.200008e+01 1.600011e+01 8.000073e+00 3.999997e+00 2.000008e+00 9.999949e-01 8.186579e-02 
24 8.191965e+03 4.095990e+03 2.047996e+03 1.024000e+03 5.119998e+02 2.560002e+02 1.280001e+02 6.400008e+01 3.200005e+01 1.600006e+01 8.000043e+00 3.999998e+00 2.000005e+00 9.999969e-01 4.896908e-02 
25 8.191979e+03 4.095994e+03 2.047998e+03 1.024000e+03 5.119999e+02 2.560001e+02 1.280001e+02 6.400005e+01 3.200003e+01 1.600004e+01 8.000026e+00 3.999999e+00 2.000003e+00 9.999982e-01 2.929149e-02 
26 8.191988e+03 4.095996e+03 2.047999e+03 1.024000e+03 5.119999e+02 2.560001e+02 1.280000e+02 6.400003e+01 3.200002e+01 1.600002e+01 8.000016e+00 3.999999e+00 2.000002e+00 9.999989e-01 1.752108e-02 
27 8.191993e+03 4.095998e+03 2.047999e+03 1.024000e+03 5.120000e+02 2.560000e+02 1.280000e+02 6.400002e+01 3.200001e+01 1.600001e+01 8.000009e+00 4.000000e+00 2.000001e+00 9.999993e-01 1.048046e-02 
28 8.191996e+03 4.095999e+03 2.048000e+03 1.024000e+03 5.120000e+02 2.560000e+02 1.280000e+02 6.400001e+01 3.200001e+01 1.600001e+01 8.000006e+00 4.000000e+00 2.000001e+00 9.999996e-01 6.269025e-03 
29 8.191997e+03 4.095999e+03 2.048000e+03 1.024000e+03 5.120000e+02 2.560000e+02 1.280000e+02 6.400001e+01 3.200000e+01 1.600000e+01 8.000003e+00 4.000000e+00 2.000000e+00 9.999998e-01 3.749899e-03 
30 8.191998e+03 4.096000e+03 2.048000e+03 1.024000e+03 5.120000e+02 2.560000e+02 1.280000e+02 6.400000e+01 3.200000e+01 1.600000e+01 8.000002e+00 4.000000e+00 2.000000e+00 9.999999e-01 2.243051e-03 
31 8.191999e+03 4.096000e+03 2.048000e+03 1.024000e+03 5.120000e+02 2.560000e+02 1.280000e+02 6.400000e+01 3.200000e+01 1.600000e+01 8.000001e+00 4.000000e+00 2.000000e+00 9.999999e-01 1.341710e-03 
32 8.191999e+03 4.096000e+03 2.048000e+03 1.024000e+03 5.120000e+02 2.560000e+02 1.280000e+02 6.400000e+01 3.200000e+01 1.600000e+01 8.000001e+00 4.000000e+00 2.000000e+00 9.999999e-01 8.025611e-04 
